.negSeries.neuSeries.posSeries.compoundSeries
0."0.095"."0.82"."0.085"."0.0258"
1."0.104"."0.701"."0.195"."0.939"
2."0.0"."0.83"."0.17"."0.8175"
3."0.0"."0.862"."0.138"."0.8625"
4."0.037"."0.799"."0.164"."0.9305"
5."0.0"."0.946"."0.054"."0.7992"
6."0.0"."0.825"."0.175"."0.969"
7."0.05"."0.759"."0.19"."0.9903"
8."0.075"."0.736"."0.19"."0.9871"
9."0.054"."0.888"."0.058"."0.1107"
10."0.016"."0.836"."0.148"."0.9652"
11."0.0"."0.708"."0.292"."0.9904"
12."0.013"."0.79"."0.197"."0.9724"
13."0.111"."0.665"."0.224"."0.8223"
14."0.139"."0.632"."0.23"."0.8012"
15."0.0"."0.789"."0.211"."0.9213"
16."0.013"."0.842"."0.145"."0.9097"
17."0.041"."0.812"."0.147"."0.8232"
18."0.0"."0.688"."0.312"."0.9676"
19."0.0"."0.789"."0.211"."0.9393"
20."0.079"."0.748"."0.173"."0.6842"
21."0.052"."0.795"."0.153"."0.9394"
22."0.067"."0.841"."0.092"."0.7146"
23."0.094"."0.634"."0.271"."0.9823"
24."0.027"."0.745"."0.228"."0.9683"
25."0.135"."0.719"."0.146"."0.3873"
26."0.082"."0.73"."0.187"."0.7927"
27."0.08"."0.791"."0.129"."0.9695"
28."0.061"."0.731"."0.208"."0.9653"
29."0.055"."0.69"."0.255"."0.9294"
30."0.0"."0.827"."0.173"."0.9081"
31."0.02"."0.791"."0.189"."0.9869"
32."0.0"."0.883"."0.117"."0.919"
33."0.038"."0.775"."0.187"."0.9497"
34."0.02"."0.824"."0.156"."0.9516"
35."0.0"."0.811"."0.189"."0.9371"
36."0.016"."0.876"."0.108"."0.8848"
37."0.049"."0.839"."0.113"."0.8279"
38."0.072"."0.784"."0.143"."0.9378"
39."0.0"."0.825"."0.175"."0.9404"
40."0.035"."0.688"."0.277"."0.9815"
41."0.045"."0.886"."0.069"."0.25"
42."0.047"."0.834"."0.119"."0.808"
43."0.0"."0.844"."0.156"."0.9052"
44."0.02"."0.876"."0.104"."0.8911"
45."0.113"."0.693"."0.194"."0.9038"
46."0.052"."0.859"."0.089"."0.6946"
47."0.064"."0.79"."0.146"."0.7428"
48."0.037"."0.816"."0.147"."0.7964"
49."0.035"."0.778"."0.187"."0.9706"
50."0.059"."0.697"."0.244"."0.9743"
51."0.014"."0.754"."0.231"."0.9796"
52."0.076"."0.834"."0.09"."0.2247"
53."0.064"."0.851"."0.085"."0.7412"
54."0.01"."0.809"."0.182"."0.9953"
55."0.101"."0.792"."0.108"."0.6951"
56."0.092"."0.693"."0.215"."0.937"
57."0.012"."0.821"."0.167"."0.946"
58."0.0"."1.0"."0.0"."0.0"
59."0.046"."0.794"."0.16"."0.989"
60."0.058"."0.632"."0.31"."0.9851"
61."0.034"."0.701"."0.265"."0.9881"
62."0.0"."0.842"."0.158"."0.9074"
63."0.041"."0.841"."0.118"."0.8016"
64."0.014"."0.756"."0.23"."0.9677"
65."0.029"."0.891"."0.08"."0.6446"
66."0.018"."0.769"."0.213"."0.9852"
67."0.055"."0.811"."0.135"."0.8927"
68."0.006"."0.802"."0.191"."0.9881"
69."0.024"."0.757"."0.219"."0.9831"
70."0.0"."0.676"."0.324"."0.9595"
71."0.0"."0.829"."0.171"."0.9422"
72."0.023"."0.715"."0.262"."0.9894"
73."0.019"."0.833"."0.149"."0.9763"
74."0.0"."0.729"."0.271"."0.9774"
75."0.041"."0.788"."0.171"."0.9555"
76."0.053"."0.87"."0.078"."0.3182"
77."0.038"."0.797"."0.164"."0.9844"
78."0.0"."0.696"."0.304"."0.9246"
79."0.014"."0.777"."0.209"."0.9828"
80."0.02"."0.698"."0.283"."0.9985"
81."0.014"."0.817"."0.17"."0.9584"
82."0.029"."0.848"."0.124"."0.9505"
83."0.007"."0.73"."0.263"."0.9952"
84."0.047"."0.754"."0.199"."0.8442"
85."0.027"."0.633"."0.34"."0.9915"
86."0.017"."0.799"."0.183"."0.9349"
87."0.053"."0.892"."0.055"."-0.2144"
88."0.067"."0.802"."0.131"."0.7867"
89."0.0"."0.802"."0.198"."0.9919"
90."0.038"."0.822"."0.141"."0.8483"
91."0.051"."0.653"."0.296"."0.9842"
92."0.103"."0.775"."0.123"."0.3202"
93."0.083"."0.763"."0.154"."0.7574"
94."0.122"."0.702"."0.176"."0.68"
95."0.036"."0.778"."0.187"."0.9683"
96."0.033"."0.806"."0.161"."0.9001"
97."0.051"."0.856"."0.093"."0.6704"
98."0.09"."0.822"."0.087"."-0.0534"
99."0.022"."0.781"."0.198"."0.9052"
100."0.085"."0.722"."0.194"."0.9046"
101."0.07"."0.801"."0.13"."0.3919"
102."0.053"."0.793"."0.154"."0.8575"
103."0.027"."0.697"."0.275"."0.9979"
104."0.02"."0.865"."0.115"."0.9348"
105."0.089"."0.742"."0.169"."0.7215"
106."0.045"."0.695"."0.26"."0.998"
107."0.0"."0.93"."0.07"."0.855"
108."0.0"."0.782"."0.218"."0.8834"
109."0.028"."0.802"."0.17"."0.9877"
110."0.08"."0.689"."0.231"."0.9848"
111."0.027"."0.791"."0.182"."0.9781"
112."0.042"."0.683"."0.275"."0.9403"
113."0.027"."0.828"."0.146"."0.9177"
114."0.078"."0.831"."0.091"."0.2023"
115."0.048"."0.684"."0.269"."0.9909"
116."0.0"."0.903"."0.097"."0.8687"
117."0.052"."0.745"."0.202"."0.9827"
118."0.094"."0.837"."0.069"."-0.6156"
119."0.038"."0.85"."0.112"."0.7783"
120."0.061"."0.759"."0.179"."0.9434"
121."0.018"."0.76"."0.222"."0.9692"
122."0.088"."0.791"."0.121"."0.34"
123."0.016"."0.767"."0.217"."0.9911"
124."0.167"."0.777"."0.056"."-0.8762"
125."0.014"."0.869"."0.117"."0.9768"
126."0.0"."0.835"."0.165"."0.9015"
127."0.04"."0.656"."0.304"."0.9753"
128."0.193"."0.703"."0.104"."-0.8672"
129."0.0"."0.749"."0.251"."0.9807"
130."0.0"."0.884"."0.116"."0.8255"
131."0.042"."0.719"."0.239"."0.9828"
132."0.056"."0.801"."0.143"."0.8885"
133."0.07"."0.814"."0.116"."0.5719"
134."0.009"."0.793"."0.198"."0.9717"
135."0.0"."0.803"."0.197"."0.9574"
136."0.059"."0.893"."0.048"."0.0754"
137."0.021"."0.748"."0.231"."0.9829"
138."0.077"."0.789"."0.134"."0.8127"
139."0.11"."0.673"."0.217"."0.9161"
140."0.068"."0.838"."0.094"."0.3695"
141."0.024"."0.769"."0.207"."0.9724"
142."0.031"."0.823"."0.146"."0.8519"
143."0.051"."0.821"."0.128"."0.926"
144."0.101"."0.77"."0.128"."0.4215"
145."0.079"."0.724"."0.198"."0.9891"
146."0.045"."0.826"."0.13"."0.9865"
147."0.0"."0.882"."0.118"."0.8591"
148."0.017"."0.847"."0.136"."0.8462"
149."0.034"."0.736"."0.229"."0.9645"
150."0.106"."0.787"."0.107"."-0.2263"
151."0.109"."0.775"."0.117"."-0.3038"
152."0.08"."0.642"."0.278"."0.9868"
153."0.0"."0.794"."0.206"."0.9523"
154."0.012"."0.796"."0.192"."0.9633"
155."0.025"."0.739"."0.236"."0.9913"
156."0.026"."0.74"."0.234"."0.9669"
157."0.016"."0.77"."0.214"."0.9851"
158."0.019"."0.848"."0.132"."0.9454"
159."0.051"."0.828"."0.121"."0.965"
160."0.046"."0.845"."0.109"."0.9724"
161."0.0"."0.817"."0.183"."0.8941"
162."0.094"."0.725"."0.181"."0.7469"
163."0.031"."0.699"."0.271"."0.9145"
164."0.007"."0.694"."0.299"."0.9937"
165."0.106"."0.762"."0.132"."0.8777"
166."0.062"."0.792"."0.146"."0.8427"
167."0.107"."0.781"."0.112"."0.6511"
168."0.059"."0.78"."0.161"."0.9378"
169."0.056"."0.767"."0.176"."0.8904"
170."0.015"."0.767"."0.218"."0.9711"
171."0.079"."0.785"."0.136"."0.6956"
172."0.048"."0.849"."0.103"."0.6578"
173."0.0"."0.962"."0.038"."0.5077"
174."0.062"."0.662"."0.276"."0.9854"
175."0.0"."0.952"."0.048"."0.4019"
176."0.028"."0.858"."0.114"."0.8273"
177."0.025"."0.83"."0.145"."0.9801"
178."0.0"."0.829"."0.171"."0.9702"
179."0.0"."0.957"."0.043"."0.2797"
180."0.057"."0.739"."0.204"."0.9583"
181."0.108"."0.787"."0.105"."-0.1304"
182."0.035"."0.843"."0.123"."0.8807"
183."0.067"."0.74"."0.193"."0.9814"
184."0.007"."0.779"."0.214"."0.9911"
185."0.018"."0.789"."0.193"."0.9887"
186."0.017"."0.685"."0.298"."0.9942"
187."0.032"."0.842"."0.126"."0.9244"
188."0.193"."0.612"."0.194"."0.023"
189."0.051"."0.839"."0.11"."0.6921"
190."0.041"."0.767"."0.192"."0.9578"
191."0.059"."0.672"."0.269"."0.9362"
192."0.032"."0.739"."0.229"."0.9273"
193."0.074"."0.79"."0.136"."0.9118"
194."0.043"."0.777"."0.181"."0.8954"
195."0.162"."0.707"."0.132"."-0.2095"
196."0.045"."0.82"."0.135"."0.9186"
197."0.062"."0.826"."0.113"."0.6597"
198."0.028"."0.931"."0.041"."0.3489"
199."0.0"."0.714"."0.286"."0.9347"
200."0.051"."0.783"."0.166"."0.8176"
201."0.069"."0.721"."0.21"."0.9743"
202."0.0"."0.841"."0.159"."0.8873"
203."0.099"."0.8"."0.101"."0.3375"
204."0.041"."0.901"."0.058"."0.2144"
205."0.0"."0.904"."0.096"."0.5686"
206."0.105"."0.553"."0.342"."0.9808"
207."0.023"."0.832"."0.145"."0.9084"
208."0.08"."0.709"."0.211"."0.8886"
209."0.0"."0.786"."0.214"."0.9827"
210."0.0"."0.899"."0.101"."0.7047"
211."0.048"."0.855"."0.097"."0.5531"
212."0.012"."0.877"."0.112"."0.9264"
213."0.039"."0.802"."0.16"."0.829"
214."0.0"."0.836"."0.164"."0.9696"
215."0.027"."0.805"."0.169"."0.9795"
216."0.0"."0.92"."0.08"."0.7269"
217."0.0"."0.814"."0.186"."0.9567"
218."0.014"."0.84"."0.146"."0.9727"
219."0.0"."0.82"."0.18"."0.9509"
220."0.045"."0.804"."0.151"."0.6972"
221."0.031"."0.806"."0.163"."0.8885"
222."0.054"."0.732"."0.214"."0.9753"
223."0.012"."0.822"."0.166"."0.9634"
224."0.032"."0.803"."0.165"."0.857"
225."0.0"."0.729"."0.271"."0.928"
226."0.105"."0.827"."0.068"."-0.1545"
227."0.022"."0.682"."0.296"."0.9794"
228."0.029"."0.76"."0.21"."0.9632"
229."0.053"."0.735"."0.212"."0.9882"
230."0.029"."0.758"."0.213"."0.9516"
231."0.06"."0.856"."0.085"."-0.0665"
232."0.094"."0.57"."0.335"."0.9664"
233."0.0"."0.882"."0.118"."0.9537"
234."0.03"."0.714"."0.255"."0.9735"
235."0.014"."0.824"."0.162"."0.9199"
236."0.0"."0.787"."0.213"."0.9813"
237."0.157"."0.608"."0.235"."0.8543"
238."0.0"."0.838"."0.162"."0.8779"
239."0.023"."0.795"."0.182"."0.9666"
240."0.012"."0.871"."0.118"."0.9136"
241."0.0"."0.693"."0.307"."0.9465"
242."0.098"."0.822"."0.079"."-0.7829"
243."0.0"."0.792"."0.208"."0.9169"
244."0.0"."0.618"."0.382"."0.9957"
245."0.081"."0.768"."0.151"."0.823"
246."0.021"."0.798"."0.182"."0.9787"
247."0.042"."0.834"."0.124"."0.6956"
248."0.079"."0.755"."0.165"."0.7972"
249."0.033"."0.843"."0.124"."0.9447"
250."0.081"."0.801"."0.118"."0.4678"
251."0.0"."0.843"."0.157"."0.705"
252."0.046"."0.796"."0.157"."0.9683"
253."0.012"."0.683"."0.304"."0.9808"
254."0.011"."0.751"."0.238"."0.9935"
255."0.065"."0.707"."0.228"."0.9625"
256."0.052"."0.827"."0.121"."0.8012"
257."0.0"."0.57"."0.43"."0.9899"
258."0.024"."0.753"."0.223"."0.9906"
259."0.022"."0.848"."0.13"."0.9599"
260."0.11"."0.609"."0.281"."0.8076"
261."0.065"."0.699"."0.235"."0.9695"
262."0.1"."0.9"."0.0"."-0.8355"
263."0.061"."0.855"."0.084"."0.419"
264."0.029"."0.797"."0.174"."0.9947"
265."0.076"."0.852"."0.072"."0.1901"
266."0.024"."0.884"."0.091"."0.9315"
267."0.02"."0.749"."0.231"."0.9944"
268."0.028"."0.833"."0.139"."0.895"
269."0.015"."0.838"."0.147"."0.9266"
270."0.039"."0.866"."0.095"."0.8569"
271."0.067"."0.751"."0.182"."0.9788"
272."0.023"."0.738"."0.24"."0.9687"
273."0.011"."0.874"."0.115"."0.9684"
274."0.035"."0.731"."0.233"."0.9802"
275."0.094"."0.729"."0.177"."0.903"
276."0.016"."0.791"."0.193"."0.937"
277."0.049"."0.82"."0.131"."0.8658"
278."0.0"."0.681"."0.319"."0.9498"
279."0.03"."0.772"."0.198"."0.9737"
280."0.065"."0.733"."0.202"."0.9927"
281."0.119"."0.714"."0.167"."0.7033"
282."0.093"."0.763"."0.144"."0.3935"
283."0.071"."0.774"."0.156"."0.935"
284."0.044"."0.83"."0.126"."0.9606"
285."0.051"."0.705"."0.244"."0.9874"
286."0.058"."0.636"."0.306"."0.9721"
287."0.047"."0.729"."0.224"."0.9825"
288."0.02"."0.838"."0.141"."0.9051"
289."0.046"."0.726"."0.228"."0.9891"
290."0.126"."0.675"."0.199"."0.7413"
291."0.047"."0.716"."0.237"."0.9973"
292."0.049"."0.819"."0.132"."0.9409"
293."0.059"."0.758"."0.183"."0.7992"
294."0.0"."0.616"."0.384"."0.9393"
295."0.131"."0.771"."0.098"."-0.5242"
296."0.046"."0.861"."0.092"."0.7437"
297."0.0"."0.621"."0.379"."0.9939"
298."0.017"."0.827"."0.156"."0.9727"
299."0.02"."0.722"."0.258"."0.9698"
300."0.058"."0.865"."0.077"."0.191"
301."0.025"."0.807"."0.168"."0.9838"
302."0.039"."0.712"."0.249"."0.9956"
303."0.0"."0.822"."0.178"."0.9466"
304."0.063"."0.643"."0.294"."0.9593"
305."0.044"."0.714"."0.242"."0.9643"
306."0.018"."0.796"."0.187"."0.9727"
307."0.043"."0.855"."0.102"."0.4404"
308."0.037"."0.887"."0.077"."0.4854"
309."0.097"."0.639"."0.264"."0.9913"
310."0.18"."0.689"."0.131"."-0.9151"
311."0.062"."0.83"."0.109"."0.296"
312."0.0"."0.63"."0.37"."0.986"
313."0.0"."0.667"."0.333"."0.9432"
314."0.028"."0.938"."0.034"."0.126"
315."0.032"."0.692"."0.276"."0.9585"
316."0.063"."0.801"."0.136"."0.9508"
317."0.039"."0.72"."0.241"."0.995"
318."0.0"."0.921"."0.079"."0.7184"
319."0.073"."0.78"."0.147"."0.5994"
320."0.043"."0.894"."0.063"."0.6542"
321."0.037"."0.78"."0.183"."0.981"
322."0.048"."0.825"."0.126"."0.5191"
323."0.086"."0.883"."0.031"."-0.5499"
324."0.083"."0.708"."0.209"."0.8068"
325."0.016"."0.776"."0.208"."0.9778"
326."0.028"."0.857"."0.114"."0.8856"
327."0.03"."0.74"."0.23"."0.9914"
328."0.078"."0.761"."0.161"."0.9686"
329."0.0"."0.871"."0.129"."0.8195"
330."0.077"."0.772"."0.15"."0.9177"
331."0.014"."0.858"."0.128"."0.8968"
332."0.085"."0.74"."0.175"."0.9752"
333."0.016"."0.891"."0.093"."0.689"
334."0.105"."0.745"."0.15"."0.9445"
335."0.11"."0.663"."0.227"."0.9674"
336."0.045"."0.662"."0.293"."0.9859"
337."0.037"."0.829"."0.134"."0.9614"
338."0.044"."0.852"."0.104"."0.9409"
339."0.08"."0.738"."0.181"."0.891"
340."0.041"."0.831"."0.128"."0.8504"
341."0.061"."0.752"."0.187"."0.9658"
342."0.078"."0.861"."0.06"."-0.7138"
343."0.078"."0.745"."0.177"."0.8271"
344."0.055"."0.945"."0.0"."-0.3506"
345."0.091"."0.745"."0.164"."0.5983"
346."0.027"."0.723"."0.25"."0.9803"
347."0.035"."0.965"."0.0"."-0.3241"
348."0.045"."0.704"."0.251"."0.967"
349."0.129"."0.708"."0.163"."0.7587"
350."0.0"."0.816"."0.184"."0.7543"
351."0.0"."0.771"."0.229"."0.945"
352."0.017"."0.802"."0.181"."0.8053"
353."0.038"."0.808"."0.154"."0.9846"
354."0.032"."0.746"."0.222"."0.9861"
355."0.082"."0.843"."0.075"."0.1265"
356."0.0"."0.84"."0.16"."0.8402"
357."0.06"."0.891"."0.05"."-0.3147"
358."0.056"."0.769"."0.175"."0.9007"
359."0.036"."0.83"."0.134"."0.98"
360."0.08"."0.859"."0.061"."-0.4193"
361."0.061"."0.823"."0.116"."0.8459"
362."0.051"."0.787"."0.163"."0.8995"
363."0.036"."0.831"."0.134"."0.753"
364."0.0"."0.856"."0.144"."0.8674"
365."0.078"."0.805"."0.117"."0.564"
366."0.027"."0.71"."0.264"."0.9913"
367."0.032"."0.863"."0.106"."0.8747"
368."0.037"."0.742"."0.222"."0.969"
369."0.016"."0.858"."0.126"."0.9464"
370."0.0"."0.754"."0.246"."0.9824"
371."0.0"."0.826"."0.174"."0.974"
372."0.049"."0.845"."0.107"."0.3567"
373."0.075"."0.698"."0.227"."0.9572"
374."0.062"."0.805"."0.133"."0.8225"
375."0.016"."0.913"."0.071"."0.7469"
376."0.041"."0.866"."0.094"."0.9398"
377."0.0"."0.839"."0.161"."0.9571"
378."0.067"."0.808"."0.125"."0.8126"
379."0.0"."0.823"."0.177"."0.7561"
380."0.095"."0.712"."0.192"."0.8941"
381."0.058"."0.747"."0.195"."0.9391"
382."0.022"."0.764"."0.214"."0.9935"
383."0.041"."0.713"."0.246"."0.9838"
384."0.057"."0.805"."0.138"."0.9438"
385."0.0"."0.878"."0.122"."0.872"
386."0.024"."0.836"."0.14"."0.9847"
387."0.0"."0.827"."0.173"."0.9689"
388."0.041"."0.768"."0.191"."0.9743"
389."0.0"."0.79"."0.21"."0.9733"
390."0.03"."0.784"."0.186"."0.9786"
391."0.017"."0.782"."0.201"."0.9211"
392."0.007"."0.717"."0.275"."0.9936"
393."0.022"."0.765"."0.212"."0.9528"
394."0.03"."0.821"."0.15"."0.9725"
395."0.056"."0.878"."0.066"."0.3204"
396."0.03"."0.836"."0.134"."0.6805"
397."0.014"."0.915"."0.072"."0.7389"
398."0.042"."0.648"."0.31"."0.967"
399."0.057"."0.756"."0.187"."0.9811"
400."0.078"."0.812"."0.11"."0.4217"
401."0.0"."0.84"."0.16"."0.9524"
402."0.023"."0.783"."0.193"."0.9828"
403."0.029"."0.813"."0.158"."0.976"
404."0.0"."0.927"."0.073"."0.8957"
405."0.017"."0.737"."0.245"."0.9949"
406."0.053"."0.79"."0.157"."0.949"
407."0.01"."0.841"."0.149"."0.9647"
408."0.046"."0.804"."0.15"."0.8554"
409."0.026"."0.913"."0.061"."0.4973"
410."0.017"."0.735"."0.248"."0.986"
411."0.044"."0.812"."0.144"."0.8236"
412."0.052"."0.948"."0.0"."-0.5267"
413."0.043"."0.835"."0.122"."0.9625"
414."0.057"."0.854"."0.089"."0.2017"
415."0.0"."0.679"."0.321"."0.9505"
416."0.015"."0.821"."0.164"."0.9894"
417."0.012"."0.797"."0.19"."0.9751"
418."0.065"."0.73"."0.205"."0.9792"
419."0.0"."0.747"."0.253"."0.9636"
420."0.037"."0.721"."0.242"."0.9535"
421."0.033"."0.665"."0.301"."0.9704"
422."0.011"."0.678"."0.311"."0.9932"
423."0.044"."0.742"."0.214"."0.9879"
424."0.036"."0.888"."0.076"."0.4588"
425."0.022"."0.813"."0.164"."0.9442"
426."0.085"."0.785"."0.13"."0.6697"
427."0.073"."0.821"."0.105"."0.7492"
428."0.134"."0.785"."0.081"."-0.8796"
429."0.048"."0.848"."0.104"."0.4933"
430."0.0"."0.746"."0.254"."0.9642"
431."0.012"."0.81"."0.178"."0.9775"
432."0.079"."0.735"."0.186"."0.9889"
433."0.0"."0.814"."0.186"."0.9304"
434."0.048"."0.773"."0.18"."0.9459"
435."0.116"."0.681"."0.203"."0.9685"
436."0.015"."0.883"."0.102"."0.8352"
437."0.082"."0.732"."0.186"."0.8896"
438."0.019"."0.82"."0.161"."0.9115"
439."0.041"."0.888"."0.071"."0.2732"
440."0.043"."0.803"."0.154"."0.9743"
441."0.013"."0.896"."0.091"."0.7988"
442."0.033"."0.799"."0.168"."0.9535"
443."0.043"."0.752"."0.205"."0.9958"
444."0.129"."0.753"."0.118"."-0.431"
445."0.0"."0.946"."0.054"."0.5927"
446."0.056"."0.763"."0.181"."0.8473"
447."0.076"."0.781"."0.142"."0.8433"
448."0.0"."0.834"."0.166"."0.81"
449."0.014"."0.862"."0.124"."0.951"
450."0.094"."0.734"."0.171"."0.6249"
451."0.067"."0.871"."0.062"."-0.2135"
452."0.023"."0.677"."0.3"."0.9918"
453."0.061"."0.897"."0.042"."-0.1363"
454."0.045"."0.723"."0.232"."0.8519"
455."0.0"."0.75"."0.25"."0.9429"
456."0.042"."0.828"."0.13"."0.92"
457."0.0"."0.892"."0.108"."0.9163"
458."0.021"."0.749"."0.23"."0.9597"
459."0.031"."0.802"."0.166"."0.8439"
460."0.111"."0.799"."0.09"."-0.6622"
461."0.013"."0.82"."0.167"."0.9817"
462."0.014"."0.837"."0.149"."0.9259"
463."0.082"."0.765"."0.153"."0.5719"
464."0.012"."0.858"."0.129"."0.9274"
465."0.018"."0.855"."0.128"."0.9099"
466."0.016"."0.921"."0.063"."0.6801"
467."0.0"."0.819"."0.181"."0.9539"
468."0.022"."0.89"."0.089"."0.8773"
469."0.042"."0.779"."0.179"."0.9904"
470."0.069"."0.736"."0.195"."0.961"
471."0.043"."0.861"."0.097"."0.5526"
472."0.025"."0.789"."0.186"."0.9778"
473."0.021"."0.738"."0.241"."0.9515"
474."0.081"."0.878"."0.041"."-0.2635"
475."0.077"."0.788"."0.135"."0.7855"
476."0.031"."0.817"."0.152"."0.9602"
477."0.062"."0.762"."0.176"."0.9178"
478."0.0"."0.667"."0.333"."0.9854"
479."0.037"."0.813"."0.15"."0.8873"
480."0.074"."0.836"."0.09"."0.3332"
481."0.059"."0.634"."0.307"."0.9839"
482."0.029"."0.853"."0.118"."0.9009"
483."0.055"."0.771"."0.174"."0.9891"
484."0.036"."0.862"."0.101"."0.8686"
485."0.115"."0.831"."0.054"."-0.6334"
486."0.0"."0.764"."0.236"."0.9867"
487."0.013"."0.817"."0.17"."0.9678"
488."0.049"."0.779"."0.172"."0.8987"
489."0.033"."0.741"."0.226"."0.996"
490."0.0"."0.806"."0.194"."0.9603"
491."0.02"."0.814"."0.166"."0.9879"
492."0.076"."0.713"."0.211"."0.9731"
493."0.05"."0.753"."0.197"."0.9934"
494."0.133"."0.669"."0.199"."0.8847"
495."0.037"."0.703"."0.26"."0.966"
496."0.063"."0.845"."0.092"."0.7099"
497."0.051"."0.843"."0.106"."0.9056"
498."0.047"."0.857"."0.096"."0.34"
499."0.04"."0.782"."0.177"."0.986"
500."0.075"."0.8"."0.125"."0.7845"
501."0.126"."0.751"."0.123"."-0.0927"
502."0.0"."0.878"."0.122"."0.7579"
503."0.024"."0.801"."0.175"."0.8555"
504."0.058"."0.721"."0.221"."0.9926"
505."0.025"."0.85"."0.125"."0.955"
506."0.0"."0.868"."0.132"."0.8519"
507."0.011"."0.749"."0.24"."0.9884"
508."0.022"."0.734"."0.244"."0.9426"
509."0.0"."0.87"."0.13"."0.597"
510."0.053"."0.78"."0.166"."0.9393"
511."0.033"."0.831"."0.136"."0.9741"
512."0.096"."0.813"."0.092"."0.673"
513."0.0"."0.735"."0.265"."0.9798"
514."0.0"."0.921"."0.079"."0.705"
515."0.097"."0.753"."0.151"."0.2805"
516."0.036"."0.818"."0.146"."0.8922"
517."0.024"."0.858"."0.117"."0.7925"
518."0.018"."0.766"."0.216"."0.9814"
519."0.0"."0.812"."0.188"."0.8481"
520."0.07"."0.641"."0.289"."0.9278"
521."0.029"."0.676"."0.295"."0.9796"
522."0.04"."0.675"."0.286"."0.9935"
523."0.082"."0.715"."0.203"."0.8787"
524."0.016"."0.698"."0.287"."0.9823"
525."0.053"."0.899"."0.048"."0.0408"
526."0.018"."0.837"."0.145"."0.926"
527."0.023"."0.756"."0.221"."0.9723"
528."0.032"."0.887"."0.081"."0.5187"
529."0.0"."0.919"."0.081"."0.7783"
530."0.024"."0.84"."0.136"."0.9633"
531."0.0"."0.828"."0.172"."0.8814"
532."0.0"."0.773"."0.227"."0.9423"
533."0.03"."0.891"."0.079"."0.7493"
534."0.104"."0.816"."0.079"."-0.529"
535."0.013"."0.94"."0.048"."0.5106"
536."0.05"."0.74"."0.21"."0.9846"
537."0.072"."0.728"."0.2"."0.9419"
538."0.0"."0.69"."0.31"."0.9939"
539."0.051"."0.784"."0.165"."0.9906"
540."0.026"."0.8"."0.174"."0.9081"
541."0.019"."0.797"."0.184"."0.9369"
542."0.043"."0.702"."0.255"."0.8734"
543."0.048"."0.76"."0.193"."0.985"
544."0.05"."0.72"."0.23"."0.9641"
545."0.0"."0.829"."0.171"."0.8236"
546."0.103"."0.714"."0.183"."0.8374"
547."0.098"."0.77"."0.132"."0.7369"
548."0.098"."0.721"."0.182"."0.9351"
549."0.064"."0.811"."0.125"."0.853"
550."0.098"."0.742"."0.16"."0.9868"
551."0.088"."0.783"."0.129"."0.7341"
552."0.027"."0.796"."0.177"."0.9336"
553."0.105"."0.702"."0.193"."0.8303"
554."0.064"."0.652"."0.285"."0.9313"
555."0.0"."0.902"."0.098"."0.8377"
556."0.0"."0.787"."0.213"."0.8977"
557."0.054"."0.748"."0.199"."0.9794"
558."0.014"."0.798"."0.187"."0.9214"
559."0.0"."0.778"."0.222"."0.9732"
560."0.0"."0.867"."0.133"."0.6369"
561."0.061"."0.689"."0.25"."0.9793"
562."0.038"."0.774"."0.188"."0.9796"
563."0.0"."0.884"."0.116"."0.9239"
564."0.082"."0.804"."0.115"."0.4201"
565."0.048"."0.577"."0.375"."0.9956"
566."0.089"."0.819"."0.092"."-0.2664"
567."0.057"."0.866"."0.077"."-0.128"
568."0.009"."0.784"."0.207"."0.9831"
569."0.046"."0.87"."0.084"."0.6222"
570."0.0"."0.821"."0.179"."0.9286"
571."0.027"."0.854"."0.118"."0.8332"
572."0.056"."0.772"."0.172"."0.9943"
573."0.093"."0.78"."0.127"."0.2617"
574."0.083"."0.887"."0.03"."-0.5223"
575."0.011"."0.765"."0.224"."0.9806"
576."0.026"."0.764"."0.21"."0.9432"
577."0.061"."0.794"."0.145"."0.9161"
578."0.045"."0.832"."0.123"."0.8225"
579."0.016"."0.675"."0.31"."0.9808"
580."0.071"."0.716"."0.213"."0.9667"
581."0.053"."0.86"."0.086"."0.8068"
582."0.025"."0.753"."0.222"."0.969"
583."0.052"."0.789"."0.16"."0.9844"
584."0.02"."0.837"."0.143"."0.8226"
585."0.091"."0.739"."0.171"."0.9288"
586."0.04"."0.753"."0.207"."0.9775"
587."0.109"."0.809"."0.081"."-0.8046"
588."0.051"."0.656"."0.293"."0.9357"
589."0.029"."0.922"."0.049"."0.5267"
590."0.091"."0.633"."0.276"."0.9916"
591."0.109"."0.728"."0.163"."0.7704"
592."0.083"."0.856"."0.062"."-0.3035"
593."0.0"."0.881"."0.119"."0.8334"
594."0.051"."0.691"."0.258"."0.9683"
595."0.0"."0.841"."0.159"."0.7992"
596."0.066"."0.805"."0.129"."0.8227"
597."0.064"."0.779"."0.157"."0.676"
598."0.056"."0.804"."0.14"."0.8188"
599."0.055"."0.837"."0.108"."0.7113"
600."0.0"."0.702"."0.298"."0.9661"
601."0.022"."0.85"."0.128"."0.9867"
602."0.038"."0.722"."0.24"."0.9062"
603."0.068"."0.894"."0.038"."-0.1406"
604."0.029"."0.877"."0.094"."0.9052"
605."0.0"."0.897"."0.103"."0.6486"
606."0.046"."0.703"."0.252"."0.9935"
607."0.022"."0.807"."0.17"."0.976"
608."0.0"."0.71"."0.29"."0.9873"
609."0.047"."0.75"."0.203"."0.9926"
610."0.041"."0.759"."0.199"."0.9829"
611."0.032"."0.968"."0.0"."-0.0387"
612."0.039"."0.619"."0.342"."0.9831"
613."0.033"."0.684"."0.283"."0.9868"
614."0.069"."0.768"."0.163"."0.7912"
615."0.029"."0.746"."0.225"."0.9755"
616."0.036"."0.83"."0.134"."0.9138"
617."0.0"."0.731"."0.269"."0.9749"
618."0.0"."0.704"."0.296"."0.9453"
619."0.045"."0.831"."0.124"."0.9885"
620."0.061"."0.741"."0.197"."0.9718"
621."0.059"."0.678"."0.263"."0.9941"
622."0.089"."0.876"."0.035"."-0.5927"
623."0.0"."0.772"."0.228"."0.9727"
624."0.081"."0.764"."0.155"."0.7906"
625."0.006"."0.836"."0.158"."0.9855"
626."0.075"."0.768"."0.157"."0.8148"
627."0.043"."0.869"."0.088"."0.8002"
628."0.0"."0.851"."0.149"."0.9939"
629."0.035"."0.783"."0.182"."0.8957"
630."0.098"."0.738"."0.164"."0.789"
631."0.048"."0.691"."0.262"."0.9638"
632."0.07"."0.819"."0.11"."0.3071"
633."0.0"."0.667"."0.333"."0.986"
634."0.014"."0.763"."0.223"."0.9821"
635."0.08"."0.861"."0.059"."-0.5124"
636."0.032"."0.688"."0.28"."0.9938"
637."0.086"."0.691"."0.222"."0.989"
638."0.0"."0.768"."0.232"."0.9224"
639."0.056"."0.853"."0.091"."0.7896"
640."0.135"."0.835"."0.03"."-0.9091"
641."0.028"."0.935"."0.037"."0.1303"
642."0.033"."0.647"."0.32"."0.9463"
643."0.047"."0.871"."0.082"."0.5859"
644."0.0"."0.941"."0.059"."0.1567"
645."0.04"."0.784"."0.176"."0.8954"
646."0.028"."0.8"."0.173"."0.9806"
647."0.0"."0.832"."0.168"."0.969"
648."0.085"."0.807"."0.108"."0.6418"
649."0.021"."0.817"."0.162"."0.9746"
650."0.05"."0.868"."0.081"."0.6386"
651."0.184"."0.697"."0.118"."-0.8996"
652."0.022"."0.69"."0.288"."0.9865"
653."0.0"."0.8"."0.2"."0.9775"
654."0.02"."0.775"."0.205"."0.9771"
655."0.092"."0.669"."0.239"."0.9123"
656."0.0"."0.832"."0.168"."0.9245"
657."0.0"."0.782"."0.218"."0.9451"
658."0.067"."0.761"."0.172"."0.9867"
659."0.0"."0.908"."0.092"."0.8501"
660."0.076"."0.795"."0.129"."0.819"
661."0.055"."0.699"."0.246"."0.9781"
662."0.07"."0.774"."0.156"."0.7249"
663."0.011"."0.761"."0.227"."0.995"
664."0.01"."0.725"."0.265"."0.9904"
665."0.11"."0.85"."0.039"."-0.8226"
666."0.0"."0.812"."0.188"."0.9684"
667."0.038"."0.81"."0.152"."0.8008"
668."0.039"."0.691"."0.27"."0.9859"
669."0.069"."0.705"."0.226"."0.9782"
670."0.0"."0.734"."0.266"."0.9428"
671."0.057"."0.749"."0.194"."0.9024"
672."0.03"."0.7"."0.27"."0.9864"
673."0.068"."0.793"."0.139"."0.8495"
674."0.049"."0.768"."0.183"."0.9901"
675."0.0"."0.865"."0.135"."0.8977"
676."0.017"."0.719"."0.264"."0.9866"
677."0.01"."0.751"."0.239"."0.9907"
678."0.078"."0.735"."0.187"."0.9941"
679."0.039"."0.811"."0.15"."0.9669"
680."0.0"."0.826"."0.174"."0.802"
681."0.047"."0.821"."0.132"."0.9287"
682."0.028"."0.945"."0.027"."-0.0258"
683."0.171"."0.782"."0.047"."-0.8612"
684."0.141"."0.666"."0.193"."0.3306"
685."0.0"."0.854"."0.146"."0.9153"
686."0.088"."0.697"."0.215"."0.9955"
687."0.088"."0.883"."0.029"."-0.653"
688."0.093"."0.553"."0.354"."0.9827"
689."0.028"."0.806"."0.165"."0.9301"
690."0.035"."0.911"."0.054"."0.0956"
691."0.029"."0.774"."0.197"."0.9929"
692."0.042"."0.958"."0.0"."-0.4927"
693."0.035"."0.808"."0.157"."0.9463"
694."0.04"."0.725"."0.235"."0.9381"
695."0.029"."0.693"."0.278"."0.9869"
696."0.022"."0.832"."0.146"."0.9022"
697."0.088"."0.758"."0.154"."0.7238"
698."0.092"."0.754"."0.154"."0.9186"
699."0.009"."0.897"."0.094"."0.9707"
700."0.039"."0.9"."0.061"."0.4151"
701."0.076"."0.737"."0.187"."0.9723"
702."0.025"."0.743"."0.232"."0.9916"
703."0.02"."0.791"."0.188"."0.9884"
704."0.02"."0.825"."0.155"."0.9402"
705."0.078"."0.688"."0.233"."0.9618"
706."0.0"."0.773"."0.227"."0.9137"
707."0.07"."0.71"."0.22"."0.8585"
708."0.049"."0.837"."0.114"."0.8151"
709."0.031"."0.709"."0.26"."0.9517"
710."0.134"."0.691"."0.175"."0.7556"
711."0.056"."0.845"."0.1"."0.7783"
712."0.027"."0.835"."0.138"."0.9387"
713."0.058"."0.762"."0.18"."0.9386"
714."0.05"."0.813"."0.137"."0.9617"
715."0.0"."0.871"."0.129"."0.6239"
716."0.054"."0.904"."0.042"."-0.3084"
717."0.008"."0.698"."0.295"."0.9968"
718."0.019"."0.632"."0.349"."0.9838"
719."0.083"."0.603"."0.314"."0.9905"
720."0.0"."0.75"."0.25"."0.9544"
721."0.038"."0.888"."0.074"."0.7892"
722."0.053"."0.818"."0.129"."0.7871"
723."0.049"."0.695"."0.257"."0.9811"
724."0.07"."0.822"."0.108"."0.4767"
725."0.061"."0.835"."0.104"."0.7351"
726."0.045"."0.844"."0.111"."0.8982"
727."0.051"."0.824"."0.126"."0.8799"
728."0.0"."0.867"."0.133"."0.9628"
729."0.0"."0.811"."0.189"."0.91"
730."0.058"."0.866"."0.076"."0.4856"
731."0.0"."0.798"."0.202"."0.9127"
732."0.066"."0.83"."0.104"."0.4939"
733."0.037"."0.819"."0.144"."0.949"
734."0.037"."0.669"."0.294"."0.9468"
735."0.029"."0.763"."0.208"."0.9672"
736."0.043"."0.837"."0.12"."0.8089"
737."0.079"."0.718"."0.203"."0.9403"
738."0.044"."0.74"."0.217"."0.987"
739."0.02"."0.827"."0.153"."0.9176"
740."0.077"."0.728"."0.195"."0.9833"
741."0.032"."0.933"."0.035"."0.0387"
742."0.014"."0.637"."0.348"."0.9907"
743."0.024"."0.736"."0.24"."0.9961"
744."0.024"."0.635"."0.341"."0.9941"
745."0.07"."0.694"."0.236"."0.99"
746."0.1"."0.754"."0.145"."0.631"
747."0.0"."0.767"."0.233"."0.9077"
748."0.125"."0.716"."0.159"."0.4975"
749."0.078"."0.828"."0.094"."0.2337"
750."0.1"."0.752"."0.148"."0.5423"
751."0.09"."0.84"."0.071"."-0.3612"
752."0.068"."0.737"."0.195"."0.9369"
753."0.111"."0.757"."0.132"."0.139"
754."0.063"."0.787"."0.15"."0.9005"
755."0.041"."0.72"."0.239"."0.9698"
756."0.0"."0.805"."0.195"."0.947"
757."0.079"."0.759"."0.163"."0.5789"
758."0.094"."0.772"."0.134"."0.5899"
759."0.0"."0.67"."0.33"."0.9862"
760."0.0"."0.768"."0.232"."0.9574"
761."0.081"."0.716"."0.204"."0.9214"
762."0.038"."0.69"."0.272"."0.9788"
763."0.0"."0.82"."0.18"."0.8313"
764."0.0"."0.855"."0.145"."0.7984"
765."0.0"."0.806"."0.194"."0.891"
766."0.099"."0.774"."0.127"."0.9472"
767."0.04"."0.757"."0.203"."0.9633"
768."0.039"."0.805"."0.156"."0.9481"
769."0.0"."0.743"."0.257"."0.9628"
770."0.015"."0.747"."0.238"."0.9749"
771."0.017"."0.848"."0.135"."0.9489"
772."0.0"."0.828"."0.172"."0.9413"
773."0.096"."0.645"."0.259"."0.9818"
774."0.021"."0.728"."0.251"."0.9364"
775."0.107"."0.72"."0.172"."0.5975"
776."0.078"."0.776"."0.146"."0.745"
777."0.076"."0.77"."0.154"."0.7351"
778."0.042"."0.732"."0.226"."0.9939"
779."0.026"."0.817"."0.157"."0.9716"
780."0.114"."0.779"."0.107"."-0.1587"
781."0.098"."0.682"."0.22"."0.8698"
782."0.1"."0.742"."0.157"."0.4949"
783."0.106"."0.644"."0.25"."0.9955"
784."0.041"."0.719"."0.24"."0.9875"
785."0.064"."0.725"."0.212"."0.9313"
786."0.028"."0.727"."0.245"."0.9885"
787."0.008"."0.904"."0.088"."0.8763"
788."0.059"."0.797"."0.145"."0.8222"
789."0.09"."0.71"."0.2"."0.7675"
790."0.051"."0.853"."0.096"."0.5859"
791."0.033"."0.802"."0.165"."0.9841"
792."0.056"."0.824"."0.12"."0.7088"
793."0.076"."0.696"."0.229"."0.9936"
794."0.082"."0.774"."0.144"."0.9268"
795."0.0"."0.698"."0.302"."0.9957"
796."0.104"."0.816"."0.08"."-0.4028"
797."0.105"."0.784"."0.112"."-0.3436"
798."0.053"."0.779"."0.168"."0.9749"
799."0.026"."0.865"."0.11"."0.8008"
800."0.0"."0.914"."0.086"."0.7964"
801."0.076"."0.797"."0.128"."0.6965"
802."0.015"."0.838"."0.147"."0.9422"
803."0.0"."0.721"."0.279"."0.9801"
804."0.05"."0.733"."0.217"."0.9431"
805."0.035"."0.919"."0.045"."-0.0516"
806."0.036"."0.843"."0.12"."0.7639"
807."0.037"."0.859"."0.104"."0.9015"
808."0.046"."0.805"."0.15"."0.9506"
809."0.027"."0.716"."0.257"."0.9977"
810."0.054"."0.839"."0.108"."0.7595"
811."0.0"."0.842"."0.158"."0.9587"
812."0.027"."0.688"."0.285"."0.9879"
813."0.041"."0.64"."0.318"."0.992"
814."0.078"."0.733"."0.189"."0.7134"
815."0.0"."0.96"."0.04"."0.4404"
816."0.044"."0.865"."0.091"."0.5888"
817."0.09"."0.632"."0.278"."0.9815"
818."0.051"."0.764"."0.185"."0.9406"
819."0.018"."0.855"."0.127"."0.8883"
820."0.103"."0.672"."0.226"."0.8673"
821."0.053"."0.842"."0.105"."0.9275"
822."0.078"."0.859"."0.063"."-0.1195"
823."0.022"."0.723"."0.255"."0.9583"
824."0.05"."0.842"."0.108"."0.7498"
825."0.049"."0.776"."0.175"."0.9487"
826."0.038"."0.775"."0.187"."0.976"
827."0.182"."0.704"."0.114"."-0.9317"
828."0.016"."0.788"."0.196"."0.9215"
829."0.052"."0.844"."0.104"."0.7515"
830."0.0"."0.807"."0.193"."0.928"
831."0.042"."0.758"."0.2"."0.9884"
832."0.087"."0.725"."0.188"."0.9208"
833."0.031"."0.748"."0.221"."0.9894"
834."0.0"."0.837"."0.163"."0.92"
835."0.0"."0.8"."0.2"."0.8994"
836."0.031"."0.795"."0.174"."0.9418"
837."0.0"."0.805"."0.195"."0.9721"
838."0.029"."0.757"."0.214"."0.9857"
839."0.02"."0.693"."0.287"."0.9481"
840."0.022"."0.683"."0.294"."0.9795"
841."0.026"."0.828"."0.146"."0.84"
842."0.02"."0.682"."0.298"."0.971"
843."0.02"."0.785"."0.195"."0.9974"
844."0.032"."0.773"."0.195"."0.9885"
845."0.051"."0.747"."0.201"."0.956"
846."0.028"."0.67"."0.301"."0.9783"
847."0.072"."0.66"."0.268"."0.9201"
848."0.076"."0.723"."0.201"."0.9389"
849."0.125"."0.85"."0.025"."-0.7724"
850."0.0"."0.809"."0.191"."0.9614"
851."0.053"."0.827"."0.119"."0.7892"
852."0.053"."0.74"."0.207"."0.9818"
853."0.039"."0.752"."0.209"."0.9763"
854."0.091"."0.786"."0.123"."0.5859"
855."0.0"."0.857"."0.143"."0.8112"
856."0.019"."0.694"."0.287"."0.9728"
857."0.041"."0.849"."0.11"."0.596"
858."0.04"."0.867"."0.092"."0.7912"
859."0.048"."0.776"."0.176"."0.9718"
860."0.0"."0.815"."0.185"."0.9516"
861."0.043"."0.793"."0.164"."0.9847"
862."0.054"."0.789"."0.157"."0.9287"
863."0.0"."0.724"."0.276"."0.9501"
864."0.047"."0.77"."0.183"."0.9412"
865."0.006"."0.74"."0.254"."0.9957"
866."0.11"."0.672"."0.219"."0.7976"
867."0.094"."0.719"."0.187"."0.9389"
868."0.051"."0.719"."0.23"."0.9726"
869."0.043"."0.633"."0.323"."0.9784"
870."0.02"."0.794"."0.186"."0.9428"
871."0.027"."0.703"."0.27"."0.9789"
872."0.097"."0.684"."0.219"."0.8819"
873."0.075"."0.627"."0.297"."0.9608"
874."0.056"."0.788"."0.156"."0.8637"
875."0.01"."0.806"."0.184"."0.9771"
876."0.025"."0.819"."0.156"."0.9744"
877."0.017"."0.841"."0.142"."0.892"
878."0.046"."0.826"."0.127"."0.9245"
879."0.062"."0.718"."0.219"."0.975"
880."0.04"."0.917"."0.043"."-0.1531"
881."0.01"."0.833"."0.157"."0.9713"
882."0.0"."0.704"."0.296"."0.9503"
883."0.019"."0.807"."0.174"."0.9158"
884."0.026"."0.731"."0.243"."0.9755"
885."0.019"."0.767"."0.214"."0.9818"
886."0.027"."0.855"."0.117"."0.9103"
887."0.051"."0.769"."0.181"."0.9309"
888."0.0"."0.817"."0.183"."0.8479"
889."0.056"."0.742"."0.203"."0.9331"
890."0.07"."0.698"."0.232"."0.8856"
891."0.06"."0.794"."0.146"."0.9245"
892."0.054"."0.765"."0.181"."0.9724"
893."0.0"."0.836"."0.164"."0.9702"
894."0.041"."0.76"."0.199"."0.9561"
895."0.061"."0.939"."0.0"."-0.5267"
896."0.081"."0.698"."0.222"."0.9827"
897."0.053"."0.812"."0.135"."0.9372"
898."0.069"."0.854"."0.077"."0.1516"
899."0.027"."0.813"."0.16"."0.875"
900."0.067"."0.831"."0.102"."0.6958"
901."0.021"."0.762"."0.217"."0.9764"
902."0.035"."0.87"."0.095"."0.8176"
903."0.126"."0.779"."0.096"."-0.6449"
904."0.045"."0.723"."0.232"."0.9042"
905."0.124"."0.672"."0.203"."0.9724"
906."0.0"."0.925"."0.075"."0.8169"
907."0.024"."0.78"."0.196"."0.9729"
908."0.0"."0.884"."0.116"."0.7715"
909."0.044"."0.854"."0.102"."0.6723"
910."0.059"."0.707"."0.235"."0.9955"
911."0.066"."0.681"."0.253"."0.9968"
912."0.011"."0.805"."0.184"."0.9724"
913."0.071"."0.746"."0.183"."0.8411"
914."0.021"."0.602"."0.377"."0.9934"
915."0.0"."0.886"."0.114"."0.9414"
916."0.079"."0.79"."0.132"."0.8316"
917."0.0"."0.799"."0.201"."0.9618"
918."0.106"."0.716"."0.177"."0.3919"
919."0.0"."0.646"."0.354"."0.9627"
920."0.008"."0.759"."0.232"."0.9948"
921."0.0"."0.819"."0.181"."0.9682"
922."0.0"."0.915"."0.085"."0.7003"
923."0.049"."0.771"."0.18"."0.9411"
924."0.041"."0.88"."0.079"."0.8444"
925."0.102"."0.81"."0.088"."-0.3144"
926."0.088"."0.677"."0.235"."0.9552"
927."0.043"."0.88"."0.077"."0.4344"
928."0.062"."0.822"."0.116"."0.8796"
929."0.0"."0.869"."0.131"."0.946"
930."0.0"."0.793"."0.207"."0.8885"
931."0.025"."0.82"."0.156"."0.9516"
932."0.0"."0.782"."0.218"."0.9927"
933."0.052"."0.777"."0.171"."0.9457"
934."0.074"."0.867"."0.058"."0.091"
935."0.0"."0.706"."0.294"."0.9661"
936."0.075"."0.658"."0.267"."0.9011"
937."0.0"."0.655"."0.345"."0.9743"
938."0.039"."0.779"."0.182"."0.9908"
939."0.043"."0.875"."0.082"."0.6824"
940."0.024"."0.797"."0.179"."0.9732"
941."0.019"."0.784"."0.197"."0.9693"
942."0.074"."0.839"."0.087"."-0.2376"
943."0.031"."0.833"."0.135"."0.8658"
944."0.0"."0.722"."0.278"."0.9622"
945."0.047"."0.739"."0.214"."0.9952"
946."0.021"."0.739"."0.24"."0.9568"
947."0.087"."0.838"."0.074"."-0.2144"
948."0.049"."0.792"."0.159"."0.9126"
949."0.01"."0.877"."0.113"."0.9153"
950."0.0"."0.835"."0.165"."0.9546"
951."0.143"."0.836"."0.021"."-0.872"
952."0.048"."0.766"."0.186"."0.9013"
953."0.02"."0.662"."0.318"."0.9703"
954."0.039"."0.797"."0.165"."0.9199"
955."0.065"."0.871"."0.064"."-0.3038"
956."0.0"."0.759"."0.241"."0.9825"
957."0.041"."0.819"."0.141"."0.9052"
958."0.059"."0.769"."0.172"."0.7823"
959."0.022"."0.833"."0.146"."0.9683"
960."0.031"."0.748"."0.221"."0.9382"
961."0.068"."0.845"."0.086"."0.0695"
962."0.042"."0.698"."0.26"."0.9652"
963."0.132"."0.731"."0.137"."0.1902"
964."0.071"."0.802"."0.127"."0.9032"
965."0.039"."0.87"."0.092"."0.5367"
966."0.071"."0.764"."0.165"."0.9853"
967."0.034"."0.775"."0.191"."0.9841"
968."0.126"."0.695"."0.18"."0.5666"
969."0.06"."0.798"."0.142"."0.8849"
970."0.0"."0.794"."0.206"."0.8439"
971."0.062"."0.694"."0.244"."0.9426"
972."0.0"."0.734"."0.266"."0.9788"
973."0.04"."0.804"."0.156"."0.8214"
974."0.0"."0.839"."0.161"."0.9798"
975."0.085"."0.741"."0.175"."0.7876"
976."0.021"."0.757"."0.222"."0.9771"
977."0.166"."0.772"."0.061"."-0.8635"
978."0.066"."0.786"."0.148"."0.8332"
979."0.125"."0.587"."0.288"."0.9812"
980."0.021"."0.951"."0.028"."0.2008"
981."0.0"."0.835"."0.165"."0.9448"
982."0.033"."0.899"."0.068"."0.6465"
983."0.036"."0.802"."0.162"."0.8676"
984."0.0"."0.732"."0.268"."0.9757"
985."0.056"."0.768"."0.176"."0.9371"
986."0.027"."0.789"."0.185"."0.875"
987."0.0"."0.914"."0.086"."0.7844"
988."0.043"."0.818"."0.139"."0.9038"
989."0.028"."0.752"."0.219"."0.9931"
990."0.0"."0.807"."0.193"."0.9169"
991."0.116"."0.786"."0.097"."-0.3283"
992."0.225"."0.685"."0.091"."-0.9759"
993."0.173"."0.64"."0.187"."0.5445"
994."0.029"."0.806"."0.165"."0.8869"
995."0.081"."0.822"."0.098"."0.2935"
996."0.013"."0.841"."0.147"."0.9412"
997."0.047"."0.721"."0.232"."0.9432"
998."0.037"."0.786"."0.177"."0.9762"
999."0.065"."0.735"."0.2"."0.9814"
1000."0.077"."0.663"."0.261"."0.9807"
1001."0.0"."0.876"."0.124"."0.8532"
1002."0.025"."0.81"."0.164"."0.8916"
1003."0.032"."0.824"."0.144"."0.9806"
1004."0.073"."0.817"."0.11"."-0.1739"
1005."0.095"."0.671"."0.234"."0.986"
1006."0.029"."0.868"."0.103"."0.7213"
1007."0.036"."0.766"."0.197"."0.8127"
1008."0.055"."0.864"."0.081"."0.3182"
1009."0.0"."0.701"."0.299"."0.9543"
1010."0.025"."0.817"."0.158"."0.9274"
1011."0.075"."0.825"."0.1"."0.8218"
1012."0.057"."0.753"."0.19"."0.9741"
1013."0.199"."0.648"."0.153"."-0.3179"
1014."0.019"."0.622"."0.359"."0.9929"
1015."0.102"."0.728"."0.17"."0.7438"
1016."0.054"."0.82"."0.126"."0.9413"
1017."0.068"."0.6"."0.333"."0.9943"
1018."0.041"."0.639"."0.319"."0.9744"
1019."0.0"."0.818"."0.182"."0.926"
1020."0.048"."0.857"."0.095"."0.9228"
1021."0.016"."0.807"."0.176"."0.9696"
1022."0.026"."0.761"."0.213"."0.9664"
1023."0.011"."0.757"."0.232"."0.9951"
1024."0.068"."0.833"."0.099"."0.2023"
1025."0.055"."0.676"."0.269"."0.9964"
1026."0.054"."0.793"."0.153"."0.9288"
1027."0.0"."0.874"."0.126"."0.8439"
1028."0.043"."0.799"."0.158"."0.802"
1029."0.052"."0.761"."0.187"."0.9092"
1030."0.075"."0.768"."0.157"."0.9682"
1031."0.041"."0.781"."0.178"."0.9812"
1032."0.0"."0.809"."0.191"."0.973"
1033."0.031"."0.862"."0.108"."0.7783"
1034."0.0"."0.949"."0.051"."0.3182"
1035."0.0"."0.778"."0.222"."0.9815"
1036."0.0"."0.724"."0.276"."0.9531"
1037."0.033"."0.674"."0.293"."0.9803"
1038."0.025"."0.761"."0.213"."0.994"
1039."0.052"."0.762"."0.186"."0.964"
1040."0.036"."0.864"."0.099"."0.8767"
1041."0.031"."0.853"."0.116"."0.9735"
1042."0.017"."0.817"."0.166"."0.9409"
1043."0.027"."0.896"."0.076"."0.3291"
1044."0.023"."0.883"."0.094"."0.5537"
1045."0.036"."0.964"."0.0"."-0.3412"
1046."0.015"."0.795"."0.191"."0.9601"
1047."0.133"."0.725"."0.142"."0.5106"
1048."0.029"."0.729"."0.242"."0.9659"
1049."0.04"."0.789"."0.172"."0.9289"
1050."0.072"."0.798"."0.13"."0.9353"
1051."0.025"."0.835"."0.14"."0.9754"
1052."0.107"."0.747"."0.147"."0.638"
1053."0.059"."0.658"."0.282"."0.9898"
1054."0.0"."0.774"."0.226"."0.9655"
1055."0.026"."0.758"."0.216"."0.993"
1056."0.034"."0.831"."0.135"."0.7089"
1057."0.022"."0.857"."0.12"."0.97"
1058."0.0"."0.892"."0.108"."0.9204"
1059."0.057"."0.868"."0.075"."0.2263"
1060."0.104"."0.78"."0.117"."0.1017"
1061."0.081"."0.764"."0.155"."0.7667"
1062."0.06"."0.814"."0.126"."0.5871"
1063."0.06"."0.891"."0.05"."-0.2952"
1064."0.017"."0.704"."0.279"."0.9792"
1065."0.0"."0.87"."0.13"."0.8573"
1066."0.0"."0.77"."0.23"."0.9582"
1067."0.056"."0.864"."0.08"."0.5422"
1068."0.082"."0.806"."0.112"."0.7709"
1069."0.028"."0.84"."0.132"."0.9074"
1070."0.029"."0.777"."0.194"."0.9845"
1071."0.047"."0.84"."0.114"."0.8486"
1072."0.0"."0.89"."0.11"."0.7845"
1073."0.087"."0.829"."0.084"."-0.1121"
1074."0.026"."0.771"."0.203"."0.9943"
1075."0.0"."0.717"."0.283"."0.9897"
1076."0.039"."0.816"."0.145"."0.967"
1077."0.04"."0.729"."0.231"."0.979"
1078."0.021"."0.852"."0.127"."0.7537"
1079."0.031"."0.832"."0.137"."0.9427"
1080."0.107"."0.808"."0.085"."-0.4975"
1081."0.0"."0.76"."0.24"."0.9236"
1082."0.04"."0.838"."0.121"."0.7935"
1083."0.049"."0.803"."0.148"."0.8279"
1084."0.034"."0.718"."0.248"."0.9952"
1085."0.0"."0.87"."0.13"."0.8515"
1086."0.092"."0.765"."0.143"."0.3946"
1087."0.039"."0.659"."0.302"."0.978"
1088."0.0"."0.845"."0.155"."0.902"
1089."0.012"."0.744"."0.244"."0.9892"
1090."0.05"."0.765"."0.185"."0.9417"
1091."0.072"."0.821"."0.106"."0.7096"
1092."0.037"."0.665"."0.298"."0.9891"
1093."0.0"."0.882"."0.118"."0.7783"
1094."0.072"."0.749"."0.178"."0.7239"
1095."0.034"."0.87"."0.097"."0.8256"
1096."0.014"."0.884"."0.102"."0.9538"
1097."0.031"."0.732"."0.237"."0.9668"
1098."0.065"."0.893"."0.042"."-0.5789"
1099."0.036"."0.804"."0.161"."0.8591"
1100."0.022"."0.859"."0.119"."0.9041"
1101."0.046"."0.856"."0.098"."0.25"
